0.04956517
-0.17255516
-0.2609685
-0.03046406
-0.15332185
0.07647194
-0.1597643
0.03871509
0.03446431
0.04317793
0.018457
-0.11882874
-0.2002863
0.02575933
0.1667522
-0.01920296
-0.03649502
0.10195535
0.03153338
0.08154632
-0.02859466
0.2092487
-0.27060428
0.2547936
-0.24452719
0.2076147
-0.2944641
-0.27095476
-0.23987271
-0.02128377
-0.02190491
0.29635233
-0.05456612
-0.26698804
-0.04209324
0.36721754
0.09745663
-0.17540905
-0.04864006
0.155955
-0.01805775
0.1126499
0.24107328
-0.1357223
-0.03503206
-0.22617538
0.21570565
0.02323486
0.08820188
0.06521193
-0.330984
0.18188001
-0.08672836
0.13143282
0.14257699
-0.20357825
0.11574718
-0.10133855
0.17183962
-0.25678697
-0.10447364
0.05138438
0.18972428
0.06343699
0.07579204
-0.13926895
-0.26845172
0.14335638
0.00424933
0.14970079
0.08131254
-0.23156302
0.18835793
0.2118898
0.03592074
-0.14446238
0.12249414
0.00953188
0.04357367
-0.13361743
0.15406527
0.12401988
0.08036752
0.06024277
-0.03838395
0.15637678
-0.15614122
-0.30661687
0.07049366
-0.08325462
-0.24644835
0.08010534
0.05583404
0.10187976
0.01925411
-0.09395101
-0.25466532
0.15582588
0.19933774
-0.17372625
0.10765928
0.08955979
-0.08634678
0.18368366
0.1766365
-0.1227539
-0.20100403
0.1424522
-0.2585068
0.20570932
-0.0435803
0.28273866
-0.27363518
-0.23079029
-0.07562923
0.30485582
-0.12049456
-0.22973852
-0.27446082
-0.07226803
0.20398068
0.15731062
0.14836591
0.17420155
-0.22336091
0.13139059
0.09559531
-0.24404605
-0.00928263
0.05476485
-0.05078302
0.22201003
0.11522619
-0.21026656
-0.18646154
0.12185393
0.0735904
-0.21692891
0.20942058
-0.284683
0.00466342
-0.2076876
-0.07178246
-0.07867374
0.1864158
-0.29963183
-0.1278563
-0.11386295
0.06583952
-0.07195497
0.24826156
-0.25923818
0.00755307
0.12577994
-0.10193959
0.14410198
-0.05541248
-0.16969122
0.04884934
-0.01639738
-0.18098523
0.24079648
0.23251347
-0.10462946
-0.30469677
-0.16128501
-0.18971972
0.17041442
-0.12916946
0.04563195
-0.29054484
-0.12769014
-0.16076717
0.16341874
-0.11447933
-0.14300747
-0.3053967
-0.15620896
0.14214851
0.12385619
0.19412382
-0.2584918
0.12712145
0.0739975
0.16504177
0.16685995
0.19191335
-0.19215062
0.17669256
-0.18340194
-0.0366982
0.2421012
-0.16516086
0.23212206
-0.2915441
-0.17565872
-0.01596809
-0.01767581
-0.04001892
0.05284436
0.06865849
-0.10107463
0.12445234
0.11197142
0.10696418
-0.21734795
0.12115788
0.12582219
-0.26162675
0.15429623
0.10187942
0.11223591
0.27656114
-0.14678593
0.07219511
0.08101251
-0.12834089
0.19185418
-0.1887633
-0.12362026
0.1360056
-0.11464386
0.05319398
0.2004049
-0.13333137
0.04650079
-0.26719862
-0.19286136
0.04731895
-0.08971784
-0.25364825
0.13037685
-0.06759634
0.19225155
0.21757811
-0.24607994
0.13848162
-0.19438231
0.07520834
0.12326565
0.09328721
-0.05852043
-0.05209444
-0.09654538
-0.04670238
-0.1192155
-0.29193068
0.07913507
-0.00086116
0.04970069
-0.02827273
-0.20396176
0.16947183
-0.14639434
-0.29505497
-0.2735454
-0.09829524
0.12625715
0.14207184
0.02513748
0.03724829
-0.02653433
-0.04960896
0.08325218
-0.19323896
0.17370509
-0.00223335
-0.2884737
0.19298571
0.03998666
-0.11627853
-0.27842516
-0.12869965
0.09933753
-0.10162329
0.18044421
0.1913599
-0.20793772
0.11617954
-0.0618465
0.13697939
-0.32089564
-0.15510938
0.0548361
0.0265424
0.18050142
-0.2670274
-0.17074493
-0.07257279
0.02506816
-0.15399761
-0.04385619
-0.11489811
-0.13119483
-0.0101075
-0.02667171
0.17470972
0.07648925
0.1812228
-0.3087778
0.12983431
-0.02529146
0.06235171
0.0968807
-0.19595216
0.04056097
-0.29035002
0.21699251
-0.15123112
0.08314775
0.05448983
-0.27028596
-0.08815774
-0.00533427
-0.3608617
0.24734856
-0.14910741
0.09916089
0.1299964
0.00544807
-0.3215903
0.06927935
-0.07457069
-0.08340552
-0.07285399
-0.1770619
-0.21978502
0.07316827
0.00672345
0.01877134
-0.15634833
-0.23846242
-0.1538544
-0.07295585
-0.20851626
-0.16264544
0.26051757
0.21000284
0.06006814
-0.11441092
-0.17032722
-0.02004535
-0.27780694
0.07959176
0.29044884
-0.30654347
-0.15907958
-0.06316745
-0.19311737
0.00041102
-0.2394498
0.24132456
0.1957679
-0.07225637
0.27107334
0.02234955
-0.07121506
0.08507698
-0.28657535
-0.26406
0.25903466
0.03244702
0.20933777
-0.02630906
-0.29681334
-0.07262268
-0.00315425
-0.14696409
0.22292696
0.14837788
-0.13030212
0.09316737
-0.20011403
0.05045513
-0.31231195
0.04693643
-0.21834226
0.20014122
0.21893337
0.18367968
0.14104371
0.05259397
0.23557316
0.05271321
-0.29724807
-0.05076073
-0.2651214
0.21945713
0.15235554
-0.24218795
-0.13799487
0.01812939
-0.04335536
0.22363617
-0.0080546
0.03310074
0.18955752
-0.06176105
-0.1842124
-0.1108122
-0.31375718
0.1439168
-0.01156749
0.06507087
0.18702815
-0.18329574
0.20903285
-0.23619452
-0.08944284
-0.00619626
0.2047884
-0.00254872
0.04146655
-0.0676021
0.21196112
0.23221964
-0.03943136
-0.12458725
-0.08215129
0.01260272
-0.12674858
0.20542623
-0.05398388
0.17365697
-0.19913357
0.1209421
0.16070578
0.15073884
0.00536815
-0.04832394
-0.30421105
-0.1301668
-0.21843691
0.08150218
0.13049492
0.08947345
-0.24591622
0.12156443
0.13998264
-0.06748641
-0.27966145
0.17067724
-0.04662446
-0.17458338
-0.07810658
-0.13482697
-0.04776495
0.29551342
-0.30483833
-0.3560386
0.12782834
-0.13962065
0.11935305
-0.12450283
0.10717838
-0.19719689
0.18472621
-0.17175636
-0.26105046
0.20575921
0.09208978
-0.0698746
-0.04839448
0.16010943
-0.12431419
0.19643164
-0.31722373
0.18121707
-0.00709426
0.08800163
0.12551914
-0.08052414
-0.17783114
-0.07616823
0.17062782
0.11917459
0.10059004
-0.185259
-0.12001355
-0.2192594
0.13954918
-0.24535516
0.03159531
-0.07322296
0.01620929
0.03674385
-0.22941536
0.18507445
0.21633232
0.13465627
0.02411783
-0.1842926
-0.04843421
-0.0368757
-0.15286668
-0.07219273
0.13879392
-0.32425073
-0.03617605
0.12976268
0.14358182
0.21775019
-0.30759147
-0.11995387
0.05203351
-0.1309171
0.13906933
-0.02467888
-0.08986359
0.19805923
0.07082269
-0.21643837
0.17558524
-0.18032701
-0.10203019
0.04182846
0.03477538
-0.2946915
0.04940365
0.15506418
-0.01763917
0.23000196
0.10235866
-0.12706514
0.1447598
-0.35265598
-0.11211096
0.06207245
0.10850444
-0.10598896
0.10072754
-0.32528502
-0.03646728
-0.27931207
0.09792408
0.12720807
0.15703535
-0.11660641
0.15663321
0.02531432
-0.2594785
-0.11632726
0.07587732
-0.1681574
-0.13361835
0.29267088
0.15441449
-0.28887054
-0.07355534
-0.17465842
0.17136425
-0.08449009
0.0026188
-0.17774695
-0.14902008
0.1219913
-0.28135216
0.29603475
-0.16634427
-0.1111814
0.15920405
0.06673627
-0.2387106
-0.02373793
-0.2853127
-0.09455866
0.03485268
0.26727813
-0.0830247
-0.13927574
-0.0755417
-0.12353205
-0.20789208
-0.15407029
-0.25823298
-0.14550729
-0.21224071
-0.11858786
0.06122886
-0.05149145
-0.1878183
-0.20807351
0.23127708
0.27483973
-0.30282557
-0.16742036
-0.01029091
0.20544973
0.11675042
0.00889186
-0.26257196
-0.34672096
0.02935602
-0.24954912
0.17545791
-0.15252843
0.16963011
0.22560692
-0.10916758
0.15455417
0.06850381
0.21057871
-0.15736233
-0.13101013
0.14163224
0.02637159
0.20345923
-0.23728402
-0.05876352
-0.01323357
-0.2028532
-0.08184756
-0.18241212
-0.08046298
-0.00752595
-0.1944218
0.00686681
0.06778643
-0.18594709
0.20640425
0.07011199
0.19450757
0.2283371
0.22813235
-0.06484103
0.20647167
-0.1882017
-0.04150411
0.1591188
-0.24426644
-0.18275067
-0.12210167
0.18462712
-0.16070507
-0.22896364
0.08935213
-0.02720504
0.11611465
-0.02625501
-0.28369343
-0.13612066
0.12797673
0.23781542
0.2388297
-0.01441016
0.15507281
0.11862102
-0.00540543
0.08284589
-0.32270902
-0.00505349
-0.27859002
0.11633972
0.17172374
-0.27551106
0.15649311
-0.18557835
-0.25574896
0.15768887
0.10434983
0.05460463
-0.29385298
-0.05196505
-0.3017426
0.25510845
-0.0268805
-0.2601991
0.04712079
-0.3121821
0.07815343
-0.07909226
-0.22026843
-0.14078465
0.17621598
0.19409041
-0.01634832
0.13200104
0.24987331
-0.33399102
0.00238298
-0.14374055
-0.0731471
0.31352693
-0.20034344
-0.01273748
0.07210971
-0.0377191
0.2448018
-0.17222875
0.14319022
-0.02278423
-0.02711878
0.23466083
-0.08908688
0.2207984
-0.29127422
-0.16717145
-0.07077244
-0.01657305
-0.15861236
-0.04898318
-0.2162606
-0.13999718
0.25114086
-0.27564627
-0.16209184
-0.2655884
0.19015732
0.11816262
0.17662497
-0.13105632
0.08702997
0.15989612
-0.11940275
0.20903492
-0.11127955
0.20140395
0.11039589
-0.2107938
-0.16267298
1.0040207e-01
-3.0371255e-01
4.8346981e-02
1.2913191e-01
1.1569142e-01
-3.7840178e-04
-2.3851980e-01
2.7905511e-02
-1.1854731e-01
1.9945443e-04
0.1567319
-0.07707568
0.05123271
0.18922876
-0.08849535
-0.04984879
-0.00388474
-0.23308748
0.20955202
0.2209103
0.16101667
-0.22147265
0.23635407
0.13549478
-0.16083096
-0.1616989
0.17900333
-0.13703519
-0.21887806
-0.07484421
-0.07803036
0.27001873
-0.21041806
-0.23434561
0.031278
0.17390247
0.21173787
0.11062574
-0.10361193
-0.08935798
0.10647094
-0.03265091
-0.20088397
0.04702034
-0.02033374
0.03411184
0.25041658
-0.32219753
0.04967945
0.07543635
0.27190733
-0.19488703
-0.16653469
0.00662981
-0.1520649
-0.06045077
-0.20163132
0.11675677
-0.05420883
-0.27676404
-0.14976011
0.11476093
-0.3924765
-0.18574315
-0.01894559
0.01150978
0.164818
-0.00132173
-0.07491995
0.18883249
-0.2668946
-0.06256223
0.18984467
0.03946627
0.19211943
0.04829738
-0.17485715
-0.19230612
0.06111785
-0.01723859
0.05464229
0.20409457
0.04579358
-0.1925023
-0.10202462
-0.01011439
-0.21467839
0.1856561
0.12330609
-0.25049838
0.15587953
-0.25452092
0.05203616
-0.16782993
-0.26965964
0.08051676
-0.2690064
0.14136691
-0.23653805
0.1284658
-0.04422552
-0.03465488
-0.28772062
-0.11233595
0.15205145
0.22413242
0.01544787
0.05288719
0.10244352
0.07958739
0.01632083
0.2311273
0.01967138
-0.15246725
-0.09051323
0.02508576
0.23507152
0.02965688
0.22590703
-0.34345144
-0.24516964
-0.14194149
-0.24127764
-0.13756819
0.21524629
0.21423772
0.0792568
0.15268959
0.13634458
0.12103219
-0.10747417
-0.11527345
0.05365044
0.239581
-0.09491763
-0.24840184
-0.01268936
-0.20236547
0.20039737
0.14018303
0.08833462
-0.05192494
0.14422284
-0.21387114
0.24609563
0.24104169
-0.04833573
-0.241582
0.23461822
-0.2396367
-0.3047064
0.0676899
0.18012822
0.09489407
0.03160501
-0.03140867
-0.04580518
0.09613989
0.13652357
0.08881555
-0.08348427
-0.2833407
0.05396345
0.16607897
-0.16586372
0.29002118
-0.20099549
0.11238346
-0.06994422
0.11571841
0.08133328
0.10217675
0.21837169
-0.03932832
-0.17087024
-0.08419576
0.22971739
0.0942831
0.15480511
0.09157687
-0.26024917
0.07118818
0.22954097
-0.05080932
-0.14248107
-0.01533703
-0.14970882
0.09351229
0.1431173
-0.1094128
-0.13463819
0.00148027
-0.18703867
-0.29635975
0.16973281
-0.00529909
0.02019918
0.08477019
0.17238298
-0.03738649
-0.00175912
0.16551046
-0.22606088
0.08051317
0.14455812
-0.21061783
0.14311166
0.09321654
0.09756327
0.15749665
-0.09949858
0.12725042
0.04564688
0.29073253
0.24439314
-0.32919556
-0.02027731
-0.06261121
-0.1737412
-0.2452365
-0.31376776
0.2013588
0.1025808
0.25818127
-0.09230085
0.01111818
-0.23019677
-0.07861786
-0.06077775
-0.00269272
0.13305728
-0.18469156
-0.08842396
-0.09673009
-0.01063288
0.1273863
0.2594438
-0.13894184
-0.27521732
0.13228877
-0.25111258
0.18821898
-0.13728221
-0.04719568
0.18851332
-0.01310521
-0.01224784
0.14713354
0.11840829
0.15247057
0.2236283
0.00138508
-0.05365273
-0.26397976
-0.05290675
0.20823641
0.24206002
-0.044996
0.06929257
0.00878458
-0.07991764
-0.280981
0.1942147
0.18444951
0.10716118
0.14606138
0.1514048
0.08138937
-0.25311154
-0.28417772
0.25621584
-0.08786509
0.12430999
-0.15596129
0.09882861
0.11281771
0.14894126
-0.0372913
0.15595706
0.03161769
-0.29749516
0.11831342
-0.23302323
-0.03777429
0.21063492
0.25993836
-0.10209837
-0.2642879
-0.05995999
0.0648731
-0.09389032
0.06858718
-0.23684907
-0.15645652
0.14089908
-0.0895229
-0.35595876
0.10634232
-0.21988471
0.24158137
0.04405312
-0.22867586
-0.00382762
0.05321831
0.13284929
0.0538282
0.1778369
-0.16493206
-0.00993609
-0.24237752
0.12547502
-0.24091369
0.20565945
-0.1648842
0.11830091
-0.02260531
0.20016195
0.16099985
-0.13256672
0.07689151
0.276352
-0.16215788
0.1581057
-0.2437506
0.08335511
0.21171452
-0.15137589
0.00846726
-0.24066871
-0.01368551
0.12995598
-0.21544859
-0.08152249
-0.26085794
0.18723743
-0.28364816
-0.07387258
0.05590081
-0.07597441
0.20964749
-0.3320502
0.27155283
0.05395063
-0.12894134
-0.10271118
-0.05838732
0.17109023
0.00300964
0.01089659
0.16210915
-0.10768589
-0.26959842
-0.11808804
-0.01444482
-0.06968144
-0.09911069
0.09488789
0.06844964
0.06931033
0.16920245
-0.04986209
0.11692266
0.18064705
-0.13643259
-0.06659965
0.21292517
-0.19022319
-0.24245918
0.02965006
-0.08288127
-0.1987451
-0.06912629
-0.21144977
-0.27982715
-0.01736649
-0.06931312
0.05540195
-0.15594916
-0.03385447
0.21097896
-0.01409341
-0.04900423
0.22653393
-0.09987534
-0.27433112
-0.03807782
0.00636261
0.09312196
0.13442756
-0.24457668
0.24522954
-0.20944476
0.08793658
-0.11856179
-0.2752626
-0.29059085
0.07769306
-0.01542458
-0.08473364
0.10078768
0.14316906
-0.30091137
-0.02132419
-0.08939578
0.22781612
0.16977142
-0.08989321
-0.14917302
0.13700606
0.18570276
-0.21076582
-0.00801223
0.02743041
-0.18354762
0.1085069
0.19076665
0.11686387
-0.25467214
0.12802197
-0.086783
-0.13211708
0.1579665
-0.14833686
0.03708891
0.21939407
0.24583293
-0.21919227
0.24886584
-0.13828012
-0.19603708
-0.2240242
0.23740423
0.19827946
0.06656563
0.02489818
0.08874712
0.12481067
0.2097873
-0.1574667
-0.17198719
-0.13884498
0.1084156
0.0160916
-0.17641722
0.09263353
0.1208702
-0.36569798
-0.07612679
-0.24389996
0.13060139
0.15450585
0.30890247
0.00223944
-0.10055678
-0.21452887
-0.28017336
-0.07602502
0.13198224
-0.25151578
0.15648393
-0.05955243
0.2773769
-0.07427611
0.17318965
-0.23642714
0.31107494
0.16540523
0.20342702
-0.28603116
-0.02462712
0.10017622
0.24516162
-0.0344521
-0.15231903
-0.14655077
-0.06329749
0.27194294
-0.02384668
-0.21592015
0.10282724
0.12834501
0.18015684
0.10241421
-0.16894224
-0.21789598
-0.03654406
0.25332627
-0.11028448
0.07186508
-0.16237631
0.06141273
0.15166096
-0.19969356
0.19011661
-0.05511337
0.08580961
-0.06541507
0.06237742
0.04075152
-0.093608
-0.04624808
0.12582222
-0.06677026
0.30560774
0.26694208
-0.230718
-0.11764763
-0.1848032
-0.32240468
0.1430932
0.20309718
0.07281576
0.24683414
-0.01631556
0.04505716
-0.03178655
-0.00079945
-0.07589012
-0.29330927
-0.26102623
-0.15888001
-0.35127112
-0.11478768
0.1583655
0.04463101
0.06391913
0.0689826
0.19019693
0.10860318
0.04347824
0.14373615
0.00531467
-0.01690182
0.16429277
-0.03719645
0.0331273
0.14866659
0.11993147
-0.30906585
-0.1750584
0.16863187
0.00877071
0.1637042
-0.0425721
0.11378901
-0.23876278
0.12089835
0.10754506
0.05960464
0.12046079
-0.16856112
-0.16152875
-0.20638005
-0.04531219
0.0945833
-0.11814716
0.01545118
-0.15467726
0.11398064
0.1743163